3.26823819011319
4.557923307923307
5.842428967428967
7.126934626934627
8.411440286440287
9.695945945945946
11.933471933471933
12.270136723261722
13.554642382767383
14.839148042273042
16.123653701778704
17.40815936128436
18.69266502079002
19.977170680295682
21.261676339801337
22.546181999307
25.120372776622776
27.689384095634093
28.642404423654423
28.968710296835294
28.968710296835294
29.29501617001617
29.616142584892582
29.921730624855623
30.258395414645413
30.258395414645413
31.54808053245553
32.83258619196119
34.11191239316239
35.401597510972515
36.68610317047817
37.970608829983824
40.54479960729961
40.61731202356202
40.689824439824434
40.77269577269577
40.86074656387156
44.07719017094017
47.293633778008775
49.852286180411184
53.39503566066066
57.25373209748209
61.11242853430353
64.47907643220144
69.79320065257565
70.09878869253869
70.17648056710556
70.24899298336798
70.33704377454377
81.94420983483484
84.2335304054054
87.2894108050358
89.85842212404712
92.90912306537305
95.48331384268884
98.37863103488102
98.53401478401477
101.19107689420188
103.76008821321321
104.80115933240933
107.37017065142065
109.93918197043196
112.75162782975282
115.32063914876414
117.88965046777547
120.45866178678678
125.3636088011088
127.93779957842456
130.50681089743588
133.55751183876185
136.60821278008777
139.18240355740357
141.91197808385309
144.88498715061215
147.697433009933
150.26126487063988
153.31714527027026
155.8861565892816
158.46034736659735
161.1899218930469
163.7589332120582
166.4936871968122
169.54438813813815
172.11339945714946
175.1641003984754
178.04905867405867
180.78381265881265
183.907026016401
184.16081947331946
184.16081947331946
184.16081947331946
184.3213826807577
184.3213826807577
184.8237901362901
187.47049332986833
202.50128132940634
207.5564326345576
207.5564326345576
207.8568412162162
207.8568412162162
208.10027575652575
208.33853083853083
208.33853083853083
208.45765837953337
208.58196537884035
208.58196537884035
208.74252858627858
208.89791233541231
209.14134687572187
209.38478141603142
209.62821595634094
209.86647103834605
210.02703424578422
210.2704687860938
210.43103199353197
210.66928707553706
210.99041349041346
211.1509766978517
211.1509766978517
211.31153990528992
212.68409635597135
212.83948010510508
213.0000433125433
213.2382983945484
213.48173293485792
213.71998801686303
213.8805512243012
214.0462938900439
214.28454897204895
214.52280405405403
214.76623859436359
215.00449367636867
215.1650568838069
215.56905463155462
215.81248917186417
216.05074425386925
216.29417879417878
216.454742001617
217.8324779106029
218.13806595056593
218.38150049087548
218.61975557288056
218.7388831138831
218.85801065488565
219.02375332062832
219.18431652806652
219.66600615038115
219.90944069069067
220.14769577269576
220.30825898013399
221.43220143220142
222.99639784014784
226.89652994340494
228.18103560291058
228.66272522522522
229.46554126241625
232.03455258142756
234.6035639004389
235.57212260337258
238.14113392238391
240.71014524139525
243.60028297528297
247.70241395241396
250.50968035343035
253.07869167244166
256.13457207207205
258.7035833910834
261.59372112497107
264.1679119022869
266.41579680642184
269.3059345403095
271.87494585932086
274.44395717833214
277.0181479556479
279.58715927465926
282.16135005197503
285.20687153499654
288.2627519346269
291.31345287595286
293.88246419496414
297.0056775525525
299.994224994225
302.5632363132363
305.1322476322476
307.701258951259
310.43083347770846
313.00502425502424
315.5740355740355
318.1430468930469
320.71723767036264
323.286248989374
325.8552603083853
328.4242716273966
330.99846240471237
330.99846240471237
333.5674737237237
335.0125425906676
337.66442524255024
340.3111284361284
341.27968713906216
343.84869845807344
346.4177097770847
347.9456499769
348.1890845172095
348.42733959921463
348.42733959921463
348.66559468121966
348.66559468121966
