1.0308137137377127
1.0923548309757851
1.364161432110605
1.518014225205786
3.543742667625669
5.051500039958443
9.354249820187006
9.610671142012306
18.51874786222329
19.09826004954847
23.2061296251898
25.801113402061855
27.10373371693439
34.60662159354272
35.03740941420922
35.43742667625669
35.668205865899466
37.463155118676575
38.134978981858865
41.32486022536562
43.760862782705985
43.986513545912246
47.15075265723647
48.304648605450325
48.8739039399025
49.40726028929913
49.514957244465755
51.60222680412371
51.67402477423479
53.35614864540877
61.56163094381843
67.09007464237193
67.15161575961001
74.58270566610724
77.56744985215376
79.25470214976424
82.82921537600895
83.71643314952449
84.0702945736434
85.27034635978582
90.10645248941101
92.00397027091824
93.72199312714777
95.60412562934548
98.63502565332054
104.58400031966754
104.75836681850875
109.38420746423719
109.92269224007032
110.01500391592744
110.23552625269718
110.54836026532405
110.68169935267322
111.87662271237913
112.40997906177574
114.36390953408454
116.51272021098058
118.60511819707503
118.70768672580516
119.73850043954288
122.01039335091504
122.60016239111324
122.85658371293853
124.71820250939022
124.88231215535842
125.2105314472948
