7.320185428579557
9.756812949844955
12.131623282410173
13.934624619498734
13.934624619498734
13.934624619498734
17.64880737390117
18.910908309863164
18.910908309863164
20.044223436033114
23.851131973485817
24.005674945236265
24.541423913971155
26.22594230605104
26.828659895877784
26.828659895877784
28.379241045773945
29.528010469118946
30.975562971181475
30.975562971181475
32.51584125629427
34.27763113424938
37.06970749054081
38.208174049102446
41.602967995220624
41.85023675002134
42.77749458052403
44.74019032175472
44.85352183437171
46.38349725470115
50.020408523228355
50.12858860345367
51.84401558988365
52.27158447839322
52.80733344712811
56.08364444823761
56.22273312281301
56.763633523939575
56.91817649569003
57.4281683024665
59.493892691530824
62.33233193934739
62.33233193934739
62.847475178515545
63.63564433444284
63.63564433444284
63.93442741316037
65.28410269978095
67.85981889562174
69.1888884526756
69.2713113709425
69.36403715399277
70.74462103496344
71.13612989673125
72.30550504964297
72.30550504964297
74.23729219652358
77.142700065432
77.45693744132457
77.88965776222582
78.97660999687064
81.24324024921056
81.33596603226083
81.33596603226083
82.05716656709625
82.75776137236494
83.08230161304088
84.55561127706181
84.77197143751245
85.3437804329891
86.49770128872579
89.58856072373474
92.23124554066742
93.27698631617878
94.28151563255669
94.39484714517369
96.22875707661234
96.22875707661234
99.13931637791244
102.3692644874968
103.2089479673409
103.38924810104976
103.5746996671503
105.68678694773976
105.68678694773976
106.24829307843305
107.37130533981964
107.88129714659613
108.22129168444711
109.6224812949845
109.81308429347672
110.39004472134506
110.47246763961196
110.67852493527923
110.78155358311285
110.78155358311285
111.29154538988934
112.22395465278372
112.8678837017439
112.8678837017439
115.01603100907514
115.80935159739411
116.16995186481182
117.16417831640636
117.33932701772355
117.54023288099913
117.54023288099913
117.66901869079116
117.77719877101647
118.28719057779296
118.50870217063526
118.50870217063526
118.76112235782767
119.76050024181389
119.94595180791443
120.19322056271514
121.16684128474297
121.16684128474297
121.25956706779324
121.6613787943444
122.75863389377258
123.96406907342607
124.11346061278485
124.43800085346079
124.43800085346079
125.26738146852153
125.57131597963074
125.8082818696481
125.8082818696481
126.1122163807573
126.7612968621092
126.7612968621092
127.58037461238658
127.72976615174534
127.99248920372109
128.25006082330518
128.50248101049758
128.85277841313192
128.94550419618218
129.07429000597423
129.71306762254275
130.13548507866062
130.57850826434526
130.75880839805413
130.75880839805413
131.53667468919804
131.7118233905152
131.92303211857416
132.4484782225257
132.54120400557596
133.09240727148588
134.01966510198858
134.38541680179796
134.53480834115675
134.53480834115675
135.08601160706667
135.08601160706667
135.08601160706667
136.08023805866122
136.08023805866122
136.3841725697704
136.46659548803734
136.46659548803734
136.7550757019715
137.7853621803078
138.16656817729228
138.39323120252624
138.49625985035988
138.49625985035988
138.62504566015193
138.7126200108105
138.7126200108105
139.20715752041193
139.53684919347955
140.85046445335837
142.12286825410374
142.69982868197206
142.81316019458907
143.6682979716082
143.6682979716082
146.06371403374015
147.23308918665188
147.5164179681944
147.68641523711986
148.02125834257916
149.01033336178205
149.26790498136612
150.84939472561237
151.73544109698162
151.8693783391653
154.08964569998008
157.37110813348127
157.83473704873262
157.9789771556997
158.3962431794259
158.98865790446928
159.9931872208472
160.48257329805696
161.18316810332564
161.3119539131177
168.14790469687918
169.00304247389832
172.0320847202071
174.54083229495606
