3.286458333333333
4.583333333333333
5.875
7.166666666666667
8.458333333333334
9.75
12.0
12.338541666666666
13.630208333333334
14.921875
16.213541666666668
17.505208333333332
18.796875
20.088541666666668
21.380208333333332
22.671875
25.260416666666668
27.84375
28.802083333333332
29.130208333333332
29.130208333333332
29.458333333333332
29.78125
30.088541666666668
30.427083333333332
30.427083333333332
31.723958333333332
33.015625
34.302083333333336
35.598958333333336
36.890625
38.182291666666664
40.770833333333336
40.84375
40.916666666666664
41.0
41.088541666666664
44.322916666666664
47.557291666666664
50.130208333333336
53.692708333333336
57.572916666666664
61.453125
64.83854166666667
70.18229166666667
70.48958333333333
70.56770833333333
70.640625
70.72916666666667
82.40104166666667
84.703125
87.77604166666667
90.359375
93.42708333333333
96.015625
98.92708333333333
99.08333333333333
101.75520833333333
104.33854166666667
105.38541666666667
107.96875
110.55208333333333
113.38020833333333
115.96354166666667
118.546875
121.13020833333333
126.0625
128.65104166666666
131.234375
134.30208333333334
137.36979166666666
139.95833333333334
142.703125
145.69270833333334
148.52083333333334
151.09895833333334
154.171875
156.75520833333334
159.34375
162.08854166666666
164.671875
167.421875
170.48958333333334
173.07291666666666
176.140625
179.04166666666666
181.79166666666666
184.93229166666666
185.1875
185.1875
185.1875
185.34895833333334
185.34895833333334
185.85416666666666
188.515625
203.63020833333334
208.71354166666666
208.71354166666666
209.015625
209.015625
209.26041666666666
209.5
209.5
209.61979166666666
209.74479166666666
209.74479166666666
209.90625
210.0625
210.30729166666666
210.55208333333334
210.796875
211.03645833333334
211.19791666666666
211.44270833333334
211.60416666666666
211.84375
212.16666666666666
212.328125
212.328125
212.48958333333334
213.86979166666666
214.02604166666666
214.1875
214.42708333333334
214.671875
214.91145833333334
215.07291666666666
215.23958333333334
215.47916666666666
215.71875
215.96354166666666
216.203125
216.36458333333334
216.77083333333334
217.015625
217.25520833333334
217.5
217.66145833333334
219.046875
219.35416666666666
219.59895833333334
219.83854166666666
219.95833333333334
220.078125
220.24479166666666
220.40625
220.890625
221.13541666666666
221.375
221.53645833333334
222.66666666666666
224.23958333333334
226.75
229.29166666666666
229.453125
229.9375
230.74479166666666
233.328125
235.91145833333334
236.88541666666666
239.46875
242.05208333333334
244.95833333333334
249.08333333333334
251.90625
254.48958333333334
257.5625
260.1458333333333
263.0520833333333
265.640625
267.9010416666667
270.8072916666667
273.390625
275.9739583333333
278.5625
281.1458333333333
283.734375
286.796875
289.8697916666667
292.9375
295.5208333333333
298.6614583333333
301.6666666666667
304.25
306.8333333333333
309.4166666666667
312.1614583333333
314.75
317.3333333333333
319.9166666666667
322.5052083333333
325.0885416666667
327.671875
330.2552083333333
332.84375
332.84375
335.4270833333333
336.8802083333333
339.546875
342.2083333333333
343.1822916666667
345.765625
348.3489583333333
349.8854166666667
350.1302083333333
350.3697916666667
350.3697916666667
350.609375
350.609375
